ISS (ZARYA)             
1 25544U 98067A   24121.93326844  .00015010  00000+0  26311-3 0  9991
2 25544  51.6391 189.7014 0003539 125.8174  44.7661 15.50784137451217
CSS (TIANHE)            
1 48274U 21035A   24121.82772197  .00038057  00000+0  41232-3 0  9996
2 48274  41.4687  12.4131 0003932 271.8657  88.1732 15.62792085171689
ISS (NAUKA)             
1 49044U 21066A   24121.70943455  .00014340  00000+0  25181-3 0  9994
2 49044  51.6366 190.8161 0003600 125.2240 234.9086 15.50776095156628
FREGAT DEB              
1 49271U 11037PF  24121.26796990  .00012324  00000+0  30178-1 0  9994
2 49271  51.6619 125.2253 0960849  20.0605 343.5464 12.13884800129378
CSS (WENTIAN)           
1 53239U 22085A   24121.82772197  .00038057  00000+0  41232-3 0  9999
2 53239  41.4687  12.4131 0003932 271.8657  88.1732 15.62792085100857
CSS (MENGTIAN)          
1 54216U 22143A   24121.82772197  .00038057  00000+0  41232-3 0  9990
2 54216  41.4687  12.4131 0003932 271.8657  88.1732 15.62792085 85529
ISS DEB [SPX-28 IPA FSE]
1 57212U 98067VP  24121.41481254  .00272467  40622-4  64547-3 0  9991
2 57212  51.6217 157.8675 0006457  17.5409 342.5821 15.96218617 48539
ISS DEB                 
1 58229U 98067WC  24121.59354414  .00120923  00000+0  72053-3 0  9997
2 58229  51.6287 177.2754 0006704   8.2601 351.8509 15.77031791 28130
PROGRESS-MS 25          
1 58460U 23184A   24121.70943455  .00014340  00000+0  25181-3 0  9999
2 58460  51.6366 190.8161 0003600 125.2240 234.9086 15.50776095 22925
BEAK                    
1 58612U 98067WD  24121.46324216  .00124511  00000+0  83939-3 0  9998
2 58612  51.6313 181.6767 0005825  13.5560 346.5595 15.74202382 21014
TIANZHOU-7              
1 58811U 24013A   24121.82772197  .00038057  00000+0  41232-3 0  9993
2 58811  41.4687  12.4131 0003932 271.8657  88.1732 15.62792085171429
CYGNUS NG-20            
1 58898U 24021A   24121.70943455  .00014340  00000+0  25181-3 0  9995
2 58898  51.6366 190.8161 0003600 125.2240 234.9086 15.50776095 13627
PROGRESS-MS 26          
1 58961U 24029A   24121.70943455  .00014340  00000+0  25181-3 0  9994
2 58961  51.6366 190.8161 0003600 125.2240 234.9086 15.50776095450229
CREW DRAGON 8           
1 59097U 24042A   24121.70943455  .00014340  00000+0  25181-3 0  9990
2 59097  51.6366 190.8161 0003600 125.2240 234.9086 15.50776095450220
SOYUZ-MS 25             
1 59294U 24055A   24121.70943455  .00014340  00000+0  25181-3 0  9993
2 59294  51.6366 190.8161 0003600 125.2240 234.9086 15.50776095  5427
MICROORBITER-1          
1 59483U 98067WF  24121.48867415  .00065473  00000+0  96354-3 0  9996
2 59483  51.6349 191.5928 0002595  78.8401 281.2881 15.54817922  3033
CURTIS                  
1 59507U 98067WG  24121.49173539  .00048329  00000+0  73335-3 0  9996
2 59507  51.6349 191.6124 0001444  90.3825 269.7331 15.54110003  3048
KASHIWA                 
1 59508U 98067WH  24121.48774741  .00072376  00000+0  10541-2 0  9996
2 59508  51.6348 191.5864 0002575  76.9962 283.1316 15.55059147  3041
1998-067WJ              
1 59559U 98067WJ  24121.88942863  .00058445  00000+0  90963-3 0  9996
2 59559  51.6360 189.7708 0004582  48.4712 311.6670 15.53320423  1970
1998-067WK              
1 59560U 98067WK  24121.88501157  .00096055  00000+0  14226-2 0  9991
2 59560  51.6358 189.7410 0006787  58.3762 301.7890 15.54455139  1904
1998-067WL              
1 59561U 98067WL  24121.44454389  .00026870  00000+0  44252-3 0  9999
2 59561  51.6367 192.0483 0002656  76.8269 283.3017 15.52125911  1872
1998-067WM              
1 59562U 98067WM  24121.89074181  .00065382  00000+0  10194-2 0  9995
2 59562  51.6358 189.7788 0002591  95.5174 264.6112 15.53230305  1957
1998-067WN              
1 59563U 98067WN  24121.89240731  .00058412  00000+0  92315-3 0  9994
2 59563  51.6364 189.7909 0003055 104.4357 255.6972 15.52902446  1954
SHENZHOU-18 (SZ-18)     
1 59591U 24078A   24121.38038675  .00044605  00000+0  48281-3 0  9994
2 59591  41.4714  15.1398 0003707 281.7577  78.2846 15.62762411171619
CZ-2F R/B               
1 59592U 24078B   24119.16638338  .01137775  76046-5  71178-3 0  9992
2 59592  41.4690  27.6703 0092699 145.6515   4.5704 16.07508991   425
CZ-2F DEB               
1 59593U 24078C   24117.16437429  .06643541  69424-5  71055-2 0  9992
2 59593  41.6118  40.5394 0251395 137.5527 224.6445 15.69435837   103
1998-067WP              
1 59596U 98067WP  24121.88768309  .00068766  00000+0  10520-2 0  9995
2 59596  51.6363 189.7591 0004836  46.8005 313.3388 15.53724901  1988
1998-067WQ              
1 59597U 98067WQ  24121.63033847  .00059084  00000+0  90613-3 0  9996
2 59597  51.6368 191.0400 0004808  46.6807 313.4583 15.53721506  1915
